Analytics: 
GUIDER: 14.780332803726196
FAIL: 0.4857158660888672
REACHED: 66.09616446495056
FETCH: 133.7845003604889
IMPORT: 14.018327236175537
EXPORT: 3.9795684814453125
SIMULATOR: 23.192209243774414
GUIDER_COPY: 0.134627103805542
SHITOKOLO: 149.1078495979309
Total in check_path: 405.57929515838623
Average_step_cnt: 16.852666666666668
Filled_cnt: 28
Collided_cnt: 14239
Reached_cnt: 733
Total time taken: 414.0267379283905
