Analytics: 
GUIDER: 16.889066457748413
FAIL: 0.5424437522888184
REACHED: 75.77926802635193
FETCH: 326.5294096469879
IMPORT: 493.67533230781555
EXPORT: 4.477907180786133
SIMULATOR: 23.70930004119873
GUIDER_COPY: 0.2096261978149414
Total: 941.8123536109924
Average_step_cnt: 18.579
Filled_cnt: 29
Collided_cnt: 14143
Reached_cnt: 828
Mimo check Path 170 s
