Analytics: 
GUIDER: 5.779749870300293
FAIL: 0.19426393508911133
REACHED: 26.100849151611328
FETCH: 109.57406425476074
IMPORT: 155.75408291816711
EXPORT: 1.5162444114685059
SIMULATOR: 9.190375804901123
GUIDER_COPY: 0.06691241264343262
Total: 308.17654275894165
Average_step_cnt: 19.4758
Filled_cnt: 13
Collided_cnt: 4790
Reached_cnt: 197
