Analytics: 
GUIDER: 12.685864925384521
FAIL: 0.41004133224487305
REACHED: 57.68421387672424
FETCH: 0
IMPORT: 11.973705053329468
EXPORT: 43.23219323158264
SIMULATOR: 17.812126874923706
GUIDER_COPY: 0.10055947303771973
Total in check_path: 143.89870476722717
Shit okolo:41.0602662563324
Average_step_cnt: 21.054
Filled_cnt: 0
Collided_cnt: 9432
Reached_cnt: 568
Total time taken: 190.3086919784546
