Analytics: 
GUIDER: 14.260358572006226
FAIL: 0.47423887252807617
REACHED: 64.88364005088806
FETCH: 0
IMPORT: 11.545398712158203
EXPORT: 48.755290269851685
SIMULATOR: 23.528316259384155
GUIDER_COPY: 0.0932016372680664
Total in check_path: 163.54044437408447
Shit okolo:39.74597501754761
Average_step_cnt: 24.4358
Filled_cnt: 10
Collided_cnt: 9411
Reached_cnt: 579
Total time taken: 208.45603275299072
