Analytics: 
GUIDER: 8.698769569396973
FAIL: 0.27849340438842773
REACHED: 36.44386553764343
FETCH: 0
IMPORT: 4.875053644180298
EXPORT: 24.879312992095947
SIMULATOR: 11.455893278121948
GUIDER_COPY: 0.04505038261413574
Total in check_path: 86.67643880844116
Outside Check_path:11.064878225326538
Average_step_cnt: 28.59675764416171
Filled_cnt: 4
Collided_cnt: 4594
Reached_cnt: 275
Total time taken: 100.28018951416016
Rejected cnt: 2099
