Analytics: 
GUIDER: 3.4070961475372314
FAIL: 0.2041916847229004
REACHED: 13.693924188613892
FETCH: 0
IMPORT: 0.5783281326293945
EXPORT: 13.513772964477539
SIMULATOR: 4.279819488525391
GUIDER_COPY: 0.010513067245483398
Total in check_path: 35.68764567375183
Outside Check_path:3.646855592727661
Average_step_cnt: 95.16150234741784
Filled_cnt: 74
Collided_cnt: 818
Reached_cnt: 173
Total time taken: 39.82924675941467
Rejected cnt: 0
