Analytics: 
GUIDER: 2.1650259494781494
FAIL: 0.1295313835144043
REACHED: 8.74957537651062
FETCH: 0
IMPORT: 0.4595324993133545
EXPORT: 11.08803391456604
SIMULATOR: 2.4912004470825195
GUIDER_COPY: 0.00888514518737793
Total in check_path: 25.091784715652466
Outside Check_path:2.8781585693359375
Average_step_cnt: 74.00355029585799
Filled_cnt: 87
Collided_cnt: 192
Reached_cnt: 566
Total time taken: 28.273334741592407
Rejected cnt: 0
