Analytics: 
GUIDER: 3.731917142868042
FAIL: 0.12083840370178223
REACHED: 15.59589433670044
FETCH: 0
IMPORT: 2.5561459064483643
EXPORT: 10.665984869003296
SIMULATOR: 4.819486618041992
GUIDER_COPY: 0.023589611053466797
Total in check_path: 37.51385688781738
Shit okolo:6.100463151931763
Average_step_cnt: 12.0448
Filled_cnt: 1
Collided_cnt: 2452
Reached_cnt: 125
Total time taken: 45.022321701049805
