Analytics: 
GUIDER: 3.738914966583252
FAIL: 0.1224985122680664
REACHED: 15.63989806175232
FETCH: 0
IMPORT: 2.5535929203033447
EXPORT: 10.881206035614014
SIMULATOR: 4.918524503707886
GUIDER_COPY: 0.023693084716796875
Total in check_path: 37.87832808494568
Outside Check_path:6.2420735359191895
Average_step_cnt: 12.0448
Filled_cnt: 1
Collided_cnt: 2452
Reached_cnt: 125
Total time taken: 45.54374623298645
