Analytics: 
GUIDER: 34.92120051383972
FAIL: 1.156346082687378
REACHED: 140.8697247505188
FETCH: 0
IMPORT: 25.107791900634766
EXPORT: 84.7702317237854
SIMULATOR: 48.94927096366882
GUIDER_COPY: 0.2811589241027832
Total in check_path: 336.05572485923767
Outside Check_path:47.09586691856384
Average_step_cnt: 21.2834
Filled_cnt: 88
Collided_cnt: 24421
Reached_cnt: 491
Total time taken: 395.9839050769806
Rejected cnt: 2223
